%EK301, Section A1, Group 1, 18-Nov-2013
\% Puneet Jhaveri.....ID U-22333827
\% Mike Lipschitz.....ID U-73582249
\% Igor dePaula.......ID U-42055545
\% Luke Sakakeeny.....ID U-58113705
\% DATE: 18-Nov-2013

C = [ 1  1  0  0  0  0  0  0  0  0  0  0  0  0  0  0  0  0  0  0  0 ;
      1  0  1  0  1  1  0  0  0  0  0  0  0  0  0  0  0  0  0  0  0 ;
      0  1  1  1  0  0  0  0  0  0  0  0  0  0  0  0  0  0  0  0  0 ;
      0  0  0  1  1  0  1  1  0  0  0  0  0  0  0  0  0  0  0  0  0 ;
      0  0  0  0  0  1  1  0  1  1  0  0  0  0  0  0  0  0  0  0  0 ;
      0  0  0  0  0  0  0  0  0  1  1  0  1  0  0  0  0  0  0  0  0 ;
      0  0  0  0  0  0  0  1  1  0  1  1  0  1  0  0  0  0  0  0  0 ;
      0  0  0  0  0  0  0  0  0  0  0  1  1  0  1  1  0  0  0  0  0 ;
      0  0  0  0  0  0  0  0  0  0  0  0  0  1  1  0  1  1  0  0  0 ;
      0  0  0  0  0  0  0  0  0  0  0  0  0  0  0  1  1  0  1  1  0 ;
      0  0  0  0  0  0  0  0  0  0  0  0  0  0  0  0  0  1  1  0  1 ;
      0  0  0  0  0  0  0  0  0  0  0  0  0  0  0  0  0  0  0  1  1 ];
Sx = [ 1  0  0 ;
      0  0  0 ;
      0  0  0 ;
      0  0  0 ;
      0  0  0 ;
      0  0  0 ;
      0  0  0 ;
      0  0  0 ;
      0  0  0 ;
      0  0  0 ;
      0  0  0 ;
      0  0  0 ];
Sy = [ 0  1  0 ;
      0  0  0 ;
      0  0  0 ;
      0  0  0 ;
      0  0  0 ;
      0  0  0 ;
      0  0  0 ;
      0  0  0 ;
      0  0  0 ;
      0  0  0 ;
      0  0  0 ;
      0  0  1 ];
X = [ 0  1.111000e+01  8.330000e+00  1.667000e+01  1.902000e+01  25  25  3.098000e+01  3.333000e+01  3.889000e+01  4.167000e+01  50  ];
Y = [ 0  7.500000e+00  0  0  8.690000e+00  14  0  8.690000e+00  0  7.500000e+00  0  0  ];
L = [ 0  0  0  0  0  0  0  0  0  0  0  0  0  0  0  0  0  0  10.85  0  0  0  0  0  ];

