%EK301, Section A1, Group 1, 28-Mar-2014
\% Puneet Jhaveri.....ID U-22333827
\% Mike Lipschitz.....ID U-73582249
\% Igor dePaula.......ID U-42055545
\% Luke Sakakeeny.....ID U-58113705
\% DATE: 28-Mar-2014

C = [ 1  1  0  0  0  0  1 ;
      0  0  1  1  0  0  1 ;
      1  0  0  0  1  0  0 ;
      0  1  1  0  1  1  0 ;
      0  0  0  1  0  1  0 ];
Sx = [ 1  0  0 ;
      0  0  0 ;
      0  0  0 ;
      0  0  0 ;
      0  0  0 ];
Sy = [ 0  1  0 ;
      0  0  0 ;
      0  0  0 ;
      0  0  0 ;
      0  0  1 ];
X = [ 2.500000e+00  7.500000e+00  0  5  10  ];
Y = [ 5  5  0  0  0  ];
L = [ 0  0  0  0  0  0  0  0  0  0  ];
